col1
content_upgrade_test_eks
